237 1111111
238 1111110
114 11111011111
55 111110111101
9 11111011110011
13 11111011110010
42 1111101111000
143 1111101110
116 11111011011
115 11111011010
144 1111101100
220 11111010
174 111110011
175 111110010
176 111110001
177 111110000
239 1111011
178 111101011
57 111101010111
58 111101010110
117 11110101010
118 11110101001
119 11110101000
221 11110100
222 11110011
179 111100101
145 1111001001
59 111100100011
62 111100100010
121 11110010000
180 111100011
120 11110001011
122 11110001010
61 111100010011
60 111100010010
123 11110001000
181 111100001
182 111100000
183 111011111
184 111011110
146 1110111011
43 1110111010111
14 11101110101101
0 111011101011001
2 111011101011000
45 1110111010101
44 1110111010100
124 11101110100
185 111011100
187 111011011
186 111011010
16 11101100111111
15 11101100111110
46 1110110011110
65 111011001110
64 111011001101
63 111011001100
125 11101100101
126 11101100100
188 111011000
240 1110101
189 111010011
127 11101001011
66 111010010101
68 111010010100
128 11101001001
129 11101001000
190 111010001
191 111010000
223 11100111
130 11100110111
67 111001101101
21 11100110110011
20 11100110110010
19 11100110110001
18 11100110110000
147 1110011010
1 111001100111111
3 111001100111110
24 11100110011110
23 11100110011101
22 11100110011100
47 1110011001101
17 11100110011001
26 11100110011000
131 11100110010
148 1110011000
224 11100101
225 11100100
192 111000111
69 111000110111
71 111000110110
132 11100011010
149 1110001100
193 111000101
150 1110001001
70 111000100011
48 1110001000101
25 11100010001001
27 11100010001000
73 111000100001
72 111000100000
226 11100001
227 11100000
228 11011111
151 1101111011
74 110111101011
77 110111101010
133 11011110100
194 110111100
76 110111011111
75 110111011110
78 110111011101
83 110111011100
152 1101110110
195 110111010
196 110111001
154 1101110001
153 1101110000
197 110110111
80 110110110111
79 110110110110
82 110110110101
81 110110110100
49 1101101100111
30 11011011001101
29 11011011001100
50 1101101100101
4 110110110010011
6 110110110010010
28 11011011001000
134 11011011000
198 110110101
199 110110100
200 110110011
86 110110010111
85 110110010110
84 110110010101
87 110110010100
155 1101100100
229 11011000
89 110101111111
88 110101111110
135 11010111110
156 1101011110
201 110101110
202 110101101
157 1101011001
51 1101011000111
5 110101100011011
8 110101100011010
32 11010110001100
91 110101100010
136 11010110000
230 11010101
231 11010100
90 110100111111
52 1101001111101
31 11010011111001
36 11010011111000
137 11010011110
158 1101001110
160 1101001101
159 1101001100
232 11010010
203 110100011
204 110100010
233 11010000
234 11001111
93 110011101111
92 110011101110
95 110011101101
94 110011101100
97 110011101011
96 110011101010
35 11001110100111
34 11001110100110
33 11001110100101
7 110011101001001
12 110011101001000
98 110011101000
161 1100111001
138 11001110001
99 110011100001
101 110011100000
235 11001101
205 110011001
206 110011000
207 110010111
208 110010110
162 1100101011
100 110010101011
102 110010101010
103 110010101001
104 110010101000
163 1100101001
164 1100101000
209 110010011
210 110010010
212 110010001
211 110010000
236 11000111
213 110001101
214 110001100
215 110001011
105 110001010111
107 110001010110
139 11000101010
165 1100010100
106 110001001111
54 1100010011101
37 11000100111001
11 110001001110001
10 110001001110000
109 110001001101
110 110001001100
108 110001001011
111 110001001010
53 1100010010011
41 11000100100101
40 11000100100100
112 110001001000
216 110001000
167 1100001111
166 1100001110
217 110000110
218 110000101
168 1100001001
169 1100001000
113 110000011111
39 11000001111011
38 11000001111010
56 1100000111100
141 11000001110
170 1100000110
171 1100000101
140 11000001001
142 11000001000
172 1100000011
173 1100000010
219 110000000
242 10
243 01
241 00
244 
